$HEADER
GENCAD 1.4
USER "KiCad 9.0.7"
DRAWING "/home/jonas/repos/aware01/hardware/aware01_h7_rev2_0/aware01_h7_rev2_0.kicad_pcb"
REVISION "2 2025-12-19"
UNITS INCH
ORIGIN 0 0
INTERTRACK 0
$ENDHEADER

$BOARD
LINE 6.93701 -5.99877 5.12598 -5.99877
LINE 5.12598 -5.99877 5.12598 -1.66806
LINE 5.12598 -1.66806 6.93701 -1.66806
LINE 6.93701 -1.66806 6.93701 -5.99877
$ENDBOARD

$PADS
PAD V700000.300000.1010101 ROUND 0.011811
CIRCLE 0 0 0.0137795
PAD P1 ROUND 0.011811
CIRCLE 0 0 0.0137795
PAD P2 ROUND 0.0255906
CIRCLE 0 0 0.019685
PAD P3 ROUND 0.0314961
CIRCLE 0 0 0.023622
PAD P4 ROUND 0.0393701
CIRCLE 0 0 0.0295276
PAD P5 RECTANGULAR 0.0255906
RECTANGLE -0.019685 -0.019685 0.0393701 0.0393701
PAD P6 RECTANGULAR 0.0393701
RECTANGLE -0.0295276 -0.0295276 0.0590551 0.0590551
PAD P7 RECTANGULAR 0.0393701
RECTANGLE -0.0334646 -0.0334646 0.0669291 0.0669291
PAD P8 POLYGON 0.0393701
ARC -0.0334646 0 0 -0.0334646 0 0
ARC 0 -0.0334646 0.0334646 0 0 0
ARC 0.0334646 0 0 0.0334646 0 0
ARC 0 0.0334646 -0.0334646 0 0 0
PAD P9 POLYGON 0.0629921
ARC -0.0610236 0 -0.015748 -0.0452756 -0.015748 0
LINE -0.015748 -0.0452756 0.015748 -0.0452756
ARC 0.015748 -0.0452756 0.0610236 0 0.015748 0
ARC 0.0610236 0 0.015748 0.0452756 0.015748 0
LINE -0.015748 0.0452756 0.015748 0.0452756
ARC -0.015748 0.0452756 -0.0610236 0 -0.015748 0
PAD P10 POLYGON 0.0629921
ARC -0.0511811 -0.0255906 -0.0255906 -0.0511811 -0.0255906 -0.0255906
LINE -0.0255906 -0.0511811 0.0255906 -0.0511811
ARC 0.0255906 -0.0511811 0.0511811 -0.0255906 0.0255906 -0.0255906
LINE 0.0511811 0.0255906 0.0511811 -0.0255906
ARC 0.0511811 0.0255906 0.0255906 0.0511811 0.0255906 0.0255906
LINE -0.0255906 0.0511811 0.0255906 0.0511811
ARC -0.0255906 0.0511811 -0.0511811 0.0255906 -0.0255906 0.0255906
LINE -0.0511811 -0.0255906 -0.0511811 0.0255906
PAD P11 ROUND 0
CIRCLE 0 0 0.019685
PAD P12 RECTANGULAR 0
RECTANGLE -0.0127953 -0.0300787 0.0255906 0.0601575
PAD P13 RECTANGULAR 0
RECTANGLE -0.0206693 -0.0127953 0.0413386 0.0255906
PAD P14 RECTANGULAR 0
RECTANGLE -0.023622 -0.0354331 0.0472441 0.0708661
PAD P15 RECTANGULAR 0
RECTANGLE -0.0393701 -0.0866142 0.0787402 0.173228
PAD P16 POLYGON 0
ARC -0.00531496 -0.0152067 -0.00398622 -0.0165354 -0.00398622 -0.0152067
LINE -0.00398622 -0.0165354 0.00398622 -0.0165354
ARC 0.00398622 -0.0165354 0.00531496 -0.0152067 0.00398622 -0.0152067
LINE 0.00531496 0.0152067 0.00531496 -0.0152067
ARC 0.00531496 0.0152067 0.00398622 0.0165354 0.00398622 0.0152067
LINE -0.00398622 0.0165354 0.00398622 0.0165354
ARC -0.00398622 0.0165354 -0.00531496 0.0152067 -0.00398622 0.0152067
LINE -0.00531496 -0.0152067 -0.00531496 0.0152067
PAD P17 POLYGON 0
ARC -0.00590551 -0.0275591 -0.00295276 -0.0305118 -0.00295276 -0.0275591
LINE -0.00295276 -0.0305118 0.00295276 -0.0305118
ARC 0.00295276 -0.0305118 0.00590551 -0.0275591 0.00295276 -0.0275591
LINE 0.00590551 0.0275591 0.00590551 -0.0275591
ARC 0.00590551 0.0275591 0.00295276 0.0305118 0.00295276 0.0275591
LINE -0.00295276 0.0305118 0.00295276 0.0305118
ARC -0.00295276 0.0305118 -0.00590551 0.0275591 -0.00295276 0.0275591
LINE -0.00590551 -0.0275591 -0.00590551 0.0275591
PAD P18 POLYGON 0
ARC -0.0144685 -0.00610236 -0.00836614 -0.0122047 -0.00836614 -0.00610236
LINE -0.00836614 -0.0122047 0.00836614 -0.0122047
ARC 0.00836614 -0.0122047 0.0144685 -0.00610236 0.00836614 -0.00610236
LINE 0.0144685 0.00610236 0.0144685 -0.00610236
ARC 0.0144685 0.00610236 0.00836614 0.0122047 0.00836614 0.00610236
LINE -0.00836614 0.0122047 0.00836614 0.0122047
ARC -0.00836614 0.0122047 -0.0144685 0.00610236 -0.00836614 0.00610236
LINE -0.0144685 -0.00610236 -0.0144685 0.00610236
PAD P19 POLYGON 0
ARC -0.0165354 -0.00398622 -0.0152067 -0.00531496 -0.0152067 -0.00398622
LINE -0.0152067 -0.00531496 0.0152067 -0.00531496
ARC 0.0152067 -0.00531496 0.0165354 -0.00398622 0.0152067 -0.00398622
LINE 0.0165354 0.00398622 0.0165354 -0.00398622
ARC 0.0165354 0.00398622 0.0152067 0.00531496 0.0152067 0.00398622
LINE -0.0152067 0.00531496 0.0152067 0.00531496
ARC -0.0152067 0.00531496 -0.0165354 0.00398622 -0.0152067 0.00398622
LINE -0.0165354 -0.00398622 -0.0165354 0.00398622
PAD P20 POLYGON 0
ARC -0.0177165 -0.00984252 -0.00885827 -0.0187008 -0.00885827 -0.00984252
LINE -0.00885827 -0.0187008 0.00885827 -0.0187008
ARC 0.00885827 -0.0187008 0.0177165 -0.00984252 0.00885827 -0.00984252
LINE 0.0177165 0.00984252 0.0177165 -0.00984252
ARC 0.0177165 0.00984252 0.00885827 0.0187008 0.00885827 0.00984252
LINE -0.00885827 0.0187008 0.00885827 0.0187008
ARC -0.00885827 0.0187008 -0.0177165 0.00984252 -0.00885827 0.00984252
LINE -0.0177165 -0.00984252 -0.0177165 0.00984252
PAD P21 POLYGON 0
ARC -0.0191929 -0.00935039 -0.00984252 -0.0187008 -0.00984252 -0.00935039
LINE -0.00984252 -0.0187008 0.00984252 -0.0187008
ARC 0.00984252 -0.0187008 0.0191929 -0.00935039 0.00984252 -0.00935039
LINE 0.0191929 0.00935039 0.0191929 -0.00935039
ARC 0.0191929 0.00935039 0.00984252 0.0187008 0.00984252 0.00935039
LINE -0.00984252 0.0187008 0.00984252 0.0187008
ARC -0.00984252 0.0187008 -0.0191929 0.00935039 -0.00984252 0.00935039
LINE -0.0191929 -0.00935039 -0.0191929 0.00935039
PAD P22 POLYGON 0
ARC -0.0191929 -0.0179626 -0.00959646 -0.0275591 -0.00959646 -0.0179626
LINE -0.00959646 -0.0275591 0.00959646 -0.0275591
ARC 0.00959646 -0.0275591 0.0191929 -0.0179626 0.00959646 -0.0179626
LINE 0.0191929 0.0179626 0.0191929 -0.0179626
ARC 0.0191929 0.0179626 0.00959646 0.0275591 0.00959646 0.0179626
LINE -0.00959646 0.0275591 0.00959646 0.0275591
ARC -0.00959646 0.0275591 -0.0191929 0.0179626 -0.00959646 0.0179626
LINE -0.0191929 -0.0179626 -0.0191929 0.0179626
PAD P23 POLYGON 0
ARC -0.0206693 -0.00935039 -0.0113189 -0.0187008 -0.0113189 -0.00935039
LINE -0.0113189 -0.0187008 0.0113189 -0.0187008
ARC 0.0113189 -0.0187008 0.0206693 -0.00935039 0.0113189 -0.00935039
LINE 0.0206693 0.00935039 0.0206693 -0.00935039
ARC 0.0206693 0.00935039 0.0113189 0.0187008 0.0113189 0.00935039
LINE -0.0113189 0.0187008 0.0113189 0.0187008
ARC -0.0113189 0.0187008 -0.0206693 0.00935039 -0.0113189 0.00935039
LINE -0.0206693 -0.00935039 -0.0206693 0.00935039
PAD P24 POLYGON 0
ARC -0.0206693 -0.0137795 -0.0108268 -0.023622 -0.0108268 -0.0137795
LINE -0.0108268 -0.023622 0.0108268 -0.023622
ARC 0.0108268 -0.023622 0.0206693 -0.0137795 0.0108268 -0.0137795
LINE 0.0206693 0.0137795 0.0206693 -0.0137795
ARC 0.0206693 0.0137795 0.0108268 0.023622 0.0108268 0.0137795
LINE -0.0108268 0.023622 0.0108268 0.023622
ARC -0.0108268 0.023622 -0.0206693 0.0137795 -0.0108268 0.0137795
LINE -0.0206693 -0.0137795 -0.0206693 0.0137795
PAD P25 POLYGON 0
ARC -0.0226378 -0.00984252 -0.0127953 -0.019685 -0.0127953 -0.00984252
LINE -0.0127953 -0.019685 0.0127953 -0.019685
ARC 0.0127953 -0.019685 0.0226378 -0.00984252 0.0127953 -0.00984252
LINE 0.0226378 0.00984252 0.0226378 -0.00984252
ARC 0.0226378 0.00984252 0.0127953 0.019685 0.0127953 0.00984252
LINE -0.0127953 0.019685 0.0127953 0.019685
ARC -0.0127953 0.019685 -0.0226378 0.00984252 -0.0127953 0.00984252
LINE -0.0226378 -0.00984252 -0.0226378 0.00984252
PAD P26 POLYGON 0
ARC -0.0260827 -0.00590551 -0.0201772 -0.011811 -0.0201772 -0.00590551
LINE -0.0201772 -0.011811 0.0201772 -0.011811
ARC 0.0201772 -0.011811 0.0260827 -0.00590551 0.0201772 -0.00590551
LINE 0.0260827 0.00590551 0.0260827 -0.00590551
ARC 0.0260827 0.00590551 0.0201772 0.011811 0.0201772 0.00590551
LINE -0.0201772 0.011811 0.0201772 0.011811
ARC -0.0201772 0.011811 -0.0260827 0.00590551 -0.0201772 0.00590551
LINE -0.0260827 -0.00590551 -0.0260827 0.00590551
PAD P27 POLYGON 0
ARC -0.0290354 -0.00590551 -0.0231299 -0.011811 -0.0231299 -0.00590551
LINE -0.0231299 -0.011811 0.0231299 -0.011811
ARC 0.0231299 -0.011811 0.0290354 -0.00590551 0.0231299 -0.00590551
LINE 0.0290354 0.00590551 0.0290354 -0.00590551
ARC 0.0290354 0.00590551 0.0231299 0.011811 0.0231299 0.00590551
LINE -0.0231299 0.011811 0.0231299 0.011811
ARC -0.0231299 0.011811 -0.0290354 0.00590551 -0.0231299 0.00590551
LINE -0.0290354 -0.00590551 -0.0290354 0.00590551
PAD P28 POLYGON 0
ARC -0.0305118 -0.00295276 -0.0275591 -0.00590551 -0.0275591 -0.00295276
LINE -0.0275591 -0.00590551 0.0275591 -0.00590551
ARC 0.0275591 -0.00590551 0.0305118 -0.00295276 0.0275591 -0.00295276
LINE 0.0305118 0.00295276 0.0305118 -0.00295276
ARC 0.0305118 0.00295276 0.0275591 0.00590551 0.0275591 0.00295276
LINE -0.0275591 0.00590551 0.0275591 0.00590551
ARC -0.0275591 0.00590551 -0.0305118 0.00295276 -0.0275591 0.00295276
LINE -0.0305118 -0.00295276 -0.0305118 0.00295276
PAD P29 POLYGON 0
ARC -0.0383858 -0.00590551 -0.0324803 -0.011811 -0.0324803 -0.00590551
LINE -0.0324803 -0.011811 0.0324803 -0.011811
ARC 0.0324803 -0.011811 0.0383858 -0.00590551 0.0324803 -0.00590551
LINE 0.0383858 0.00590551 0.0383858 -0.00590551
ARC 0.0383858 0.00590551 0.0324803 0.011811 0.0324803 0.00590551
LINE -0.0324803 0.011811 0.0324803 0.011811
ARC -0.0324803 0.011811 -0.0383858 0.00590551 -0.0324803 0.00590551
LINE -0.0383858 -0.00590551 -0.0383858 0.00590551
PAD P30 POLYGON 0
ARC -0.0393701 -0.0147638 -0.0246063 -0.0295276 -0.0246063 -0.0147638
LINE -0.0246063 -0.0295276 0.0246063 -0.0295276
ARC 0.0246063 -0.0295276 0.0393701 -0.0147638 0.0246063 -0.0147638
LINE 0.0393701 0.0147638 0.0393701 -0.0147638
ARC 0.0393701 0.0147638 0.0246063 0.0295276 0.0246063 0.0147638
LINE -0.0246063 0.0295276 0.0246063 0.0295276
ARC -0.0246063 0.0295276 -0.0393701 0.0147638 -0.0246063 0.0147638
LINE -0.0393701 -0.0147638 -0.0393701 0.0147638
PAD P31 POLYGON 0
ARC -0.0393701 -0.0551181 -0.019685 -0.0748031 -0.019685 -0.0551181
LINE -0.019685 -0.0748031 0.019685 -0.0748031
ARC 0.019685 -0.0748031 0.0393701 -0.0551181 0.019685 -0.0551181
LINE 0.0393701 0.0551181 0.0393701 -0.0551181
ARC 0.0393701 0.0551181 0.019685 0.0748031 0.019685 0.0551181
LINE -0.019685 0.0748031 0.019685 0.0748031
ARC -0.019685 0.0748031 -0.0393701 0.0551181 -0.019685 0.0551181
LINE -0.0393701 -0.0551181 -0.0393701 0.0551181
PAD P32 POLYGON 0
ARC -0.0511811 -0.0216535 -0.0413386 -0.0314961 -0.0413386 -0.0216535
LINE -0.0413386 -0.0314961 0.0413386 -0.0314961
ARC 0.0413386 -0.0314961 0.0511811 -0.0216535 0.0413386 -0.0216535
LINE 0.0511811 0.0216535 0.0511811 -0.0216535
ARC 0.0511811 0.0216535 0.0413386 0.0314961 0.0413386 0.0216535
LINE -0.0413386 0.0314961 0.0413386 0.0314961
ARC -0.0413386 0.0314961 -0.0511811 0.0216535 -0.0413386 0.0216535
LINE -0.0511811 -0.0216535 -0.0511811 0.0216535
PAD P33 POLYGON 0
ARC -0.0679134 -0.0659449 -0.0659449 -0.0679134 -0.0659449 -0.0659449
LINE -0.0659449 -0.0679134 0.0659449 -0.0679134
ARC 0.0659449 -0.0679134 0.0679134 -0.0659449 0.0659449 -0.0659449
LINE 0.0679134 0.0659449 0.0679134 -0.0659449
ARC 0.0679134 0.0659449 0.0659449 0.0679134 0.0659449 0.0659449
LINE -0.0659449 0.0679134 0.0659449 0.0679134
ARC -0.0659449 0.0679134 -0.0679134 0.0659449 -0.0659449 0.0659449
LINE -0.0679134 -0.0659449 -0.0679134 0.0659449
PAD P34 POLYGON 0
ARC -0.0688976 -0.0216535 -0.0590551 -0.0314961 -0.0590551 -0.0216535
LINE -0.0590551 -0.0314961 0.0590551 -0.0314961
ARC 0.0590551 -0.0314961 0.0688976 -0.0216535 0.0590551 -0.0216535
LINE 0.0688976 0.0216535 0.0688976 -0.0216535
ARC 0.0688976 0.0216535 0.0590551 0.0314961 0.0590551 0.0216535
LINE -0.0590551 0.0314961 0.0590551 0.0314961
ARC -0.0590551 0.0314961 -0.0688976 0.0216535 -0.0590551 0.0216535
LINE -0.0688976 -0.0216535 -0.0688976 0.0216535

$ENDPADS

$PADSTACKS
PADSTACK VIA700000.300000.1010101 0.011811
PAD V700000.300000.1010101 BOTTOM 0 0
PAD V700000.300000.1010101 INNER-3 0 0
PAD V700000.300000.1010101 INNER-1 0 0
PAD V700000.300000.1010101 TOP 0 0
PADSTACK PAD1 0.011811
PAD P1 BOTTOM 0 0
PAD P1 INNER-3 0 0
PAD P1 INNER-1 0 0
PAD P1 TOP 0 0
PADSTACK PAD2 0.0255906
PAD P2 BOTTOM 0 0
PAD P2 INNER-3 0 0
PAD P2 INNER-1 0 0
PAD P2 TOP 0 0
PADSTACK PAD3 0.0314961
PAD P3 BOTTOM 0 0
PAD P3 INNER-3 0 0
PAD P3 INNER-1 0 0
PAD P3 TOP 0 0
PADSTACK PAD4 0.0393701
PAD P4 BOTTOM 0 0
PAD P4 INNER-3 0 0
PAD P4 INNER-1 0 0
PAD P4 TOP 0 0
PADSTACK PAD5 0.0255906
PAD P5 BOTTOM 0 0
PAD P5 INNER-3 0 0
PAD P5 INNER-1 0 0
PAD P5 TOP 0 0
PADSTACK PAD6 0.0393701
PAD P6 BOTTOM 0 0
PAD P6 INNER-3 0 0
PAD P6 INNER-1 0 0
PAD P6 TOP 0 0
PADSTACK PAD7 0.0393701
PAD P7 BOTTOM 0 0
PAD P7 INNER-3 0 0
PAD P7 INNER-1 0 0
PAD P7 TOP 0 0
PADSTACK PAD8 0.0393701
PAD P8 BOTTOM 0 0
PAD P8 INNER-3 0 0
PAD P8 INNER-1 0 0
PAD P8 TOP 0 0
PADSTACK PAD9 0.0629921
PAD P9 BOTTOM 0 0
PAD P9 INNER-3 0 0
PAD P9 INNER-1 0 0
PAD P9 TOP 0 0
PADSTACK PAD10 0.0629921
PAD P10 BOTTOM 0 0
PAD P10 INNER-3 0 0
PAD P10 INNER-1 0 0
PAD P10 TOP 0 0
PADSTACK PAD11 0
PAD P11 TOP 0 0
PADSTACK PAD12 0
PAD P12 TOP 0 0
PADSTACK PAD13 0
PAD P13 TOP 0 0
PADSTACK PAD14 0
PAD P14 TOP 0 0
PADSTACK PAD15 0
PAD P15 TOP 0 0
PADSTACK PAD16 0
PAD P16 TOP 0 0
PADSTACK PAD17 0
PAD P17 TOP 0 0
PADSTACK PAD18 0
PAD P18 TOP 0 0
PADSTACK PAD19 0
PAD P19 TOP 0 0
PADSTACK PAD20 0
PAD P20 TOP 0 0
PADSTACK PAD21 0
PAD P21 TOP 0 0
PADSTACK PAD22 0
PAD P22 TOP 0 0
PADSTACK PAD23 0
PAD P23 TOP 0 0
PADSTACK PAD24 0
PAD P24 TOP 0 0
PADSTACK PAD25 0
PAD P25 TOP 0 0
PADSTACK PAD26 0
PAD P26 TOP 0 0
PADSTACK PAD27 0
PAD P27 TOP 0 0
PADSTACK PAD28 0
PAD P28 TOP 0 0
PADSTACK PAD29 0
PAD P29 TOP 0 0
PADSTACK PAD30 0
PAD P30 TOP 0 0
PADSTACK PAD31 0
PAD P31 TOP 0 0
PADSTACK PAD32 0
PAD P32 TOP 0 0
PADSTACK PAD33 0
PAD P33 TOP 0 0
PADSTACK PAD34 0
PAD P34 TOP 0 0
$ENDPADSTACKS

$ARTWORKS
$ENDARTWORKS

$SHAPES

SHAPE "AudioJacks:Jack_3.5mm_QingPu_WQP-PJ398SM_Vertical"
INSERT TH
LINE 0.177165 -0.177165 0.177165 0.23622
LINE 0.0629921 0.23622 0.177165 0.23622
LINE 0.0590551 -0.177165 0.177165 -0.177165
LINE -0.177165 -0.177165 -0.0590551 -0.177165
LINE -0.177165 -0.177165 -0.177165 0.23622
LINE -0.177165 0.23622 -0.0629921 0.23622
ARC 0.051034 -0.101912 0 0.113976 0 0
ARC 0 0.113976 -0.051034 -0.101912 0 0
CIRCLE 0 0 0.0708661
PIN "S" PAD9 0 -0.255118 TOP 0 0
PIN "T" PAD10 0 0.193701 TOP 0 0
PIN "TN" PAD10 0 -0.133071 TOP 0 0

SHAPE "AudioJacks:Jack_3.5mm_QingPu_WQP-PJ398SM_Vertical_0"
INSERT TH
LINE -0.177165 0.23622 -0.0629921 0.23622
LINE -0.177165 -0.177165 -0.177165 0.23622
LINE -0.177165 -0.177165 -0.0590551 -0.177165
LINE 0.0590551 -0.177165 0.177165 -0.177165
LINE 0.0629921 0.23622 0.177165 0.23622
LINE 0.177165 -0.177165 0.177165 0.23622
ARC 0 0.113976 -0.051034 -0.101912 0 0
ARC 0.051034 -0.101912 0 0.113976 0 0
CIRCLE 0 0 0.0708661
PIN "S" PAD9 0 -0.255118 TOP 0 0
PIN "T" PAD10 0 0.193701 TOP 0 0
PIN "TN" PAD10 0 -0.133071 TOP 0 0

SHAPE "Eurorack:5872054127F"
INSERT SMD
LINE 0.106299 0.023622 0.106299 -0.023622
LINE -0.106299 -0.0984252 0.106299 -0.0984252
LINE -0.106299 0.023622 -0.106299 -0.023622
LINE -0.106299 0.0984252 0.106299 0.0984252
LINE -0.153543 0.0629921 -0.153543 0.0629921
LINE -0.15748 0.0629921 -0.15748 0.0629921
ARC -0.15748 0.0629921 -0.153543 0.0629921 -0.155512 0.0629921
ARC -0.153543 0.0629921 -0.15748 0.0629921 -0.155512 0.0629921
PIN "1" PAD14 -0.100394 0.0629921 TOP 90 0
PIN "2" PAD14 -0.100394 -0.0629921 TOP 90 0
PIN "3" PAD14 0.100394 -0.0629921 TOP 90 0
PIN "4" PAD14 0.100394 0.0629921 TOP 90 0

SHAPE "Eurorack:TS0266130BK160LCRD"
INSERT TH
LINE 0.0413386 0.0295276 0.214567 0.0295276
LINE -0.0452756 0 -0.0452756 0
LINE -0.0492126 0 -0.0492126 0
LINE 0.246063 -0.0413386 0.246063 -0.135827
LINE 0.00984252 -0.135827 0.00984252 -0.0413386
LINE 0.214567 -0.206693 0.0413386 -0.206693
ARC -0.0492126 0 -0.0452756 0 -0.0472441 0
ARC -0.0452756 0 -0.0492126 0 -0.0472441 0
PIN "1" PAD6 0 0 TOP 0 0
PIN "2" PAD4 0.255906 0 TOP 0 0
PIN "3" PAD4 0 -0.177165 TOP 0 0
PIN "4" PAD4 0.255906 -0.177165 TOP 0 0

SHAPE "Eurorack:PTL30-15R1-103B2"
INSERT TH
LINE -0.0984252 0.177165 1.67323 -0.177165
LINE 1.67323 0.177165 1.67323 -0.177165
LINE 1.67323 -0.177165 -0.0984252 -0.177165
LINE -0.0984252 -0.177165 -0.0984252 0.177165
PIN "1" PAD3 0 0.0492126 TOP 0 0
PIN "2" PAD3 0 0.147638 TOP 0 0
PIN "3" PAD3 1.5748 0.0492126 TOP 0 0
PIN "4" PAD3 0 -0.0492126 TOP 0 0
PIN "5" PAD3 0 -0.147638 TOP 0 0
PIN "6" PAD3 1.5748 -0.147638 TOP 0 0

SHAPE "Eurorack:PTL30-15R1-103B2_0"
INSERT TH
LINE -0.0984252 0.177165 1.67323 -0.177165
LINE 1.67323 0.177165 1.67323 -0.177165
LINE 1.67323 -0.177165 -0.0984252 -0.177165
LINE -0.0984252 -0.177165 -0.0984252 0.177165
PIN "1" PAD3 0 0.0492126 TOP 0 0
PIN "2" PAD3 0 0.147638 TOP 0 0
PIN "3" PAD3 1.5748 0.0492126 TOP 0 0
PIN "4" PAD3 0 -0.0492126 TOP 0 0
PIN "5" PAD3 0 -0.147638 TOP 0 0
PIN "6" PAD3 1.5748 -0.147638 TOP 0 0

SHAPE "Eurorack:TS0266130BK160LCRD_0"
INSERT TH
LINE 0.214567 -0.206693 0.0413386 -0.206693
LINE 0.00984252 -0.135827 0.00984252 -0.0413386
LINE 0.246063 -0.0413386 0.246063 -0.135827
LINE -0.0492126 0 -0.0492126 0
LINE -0.0452756 0 -0.0452756 0
LINE 0.0413386 0.0295276 0.214567 0.0295276
ARC -0.0452756 0 -0.0492126 0 -0.0472441 0
ARC -0.0492126 0 -0.0452756 0 -0.0472441 0
PIN "1" PAD6 0 0 TOP 0 0
PIN "2" PAD4 0.255906 0 TOP 0 0
PIN "3" PAD4 0 -0.177165 TOP 0 0
PIN "4" PAD4 0.255906 -0.177165 TOP 0 0

SHAPE "Eurorack:PTL30-15R1-103B2_1"
INSERT TH
LINE -0.0984252 0.177165 1.67323 -0.177165
LINE 1.67323 0.177165 1.67323 -0.177165
LINE 1.67323 -0.177165 -0.0984252 -0.177165
LINE -0.0984252 -0.177165 -0.0984252 0.177165
PIN "1" PAD3 0 0.0492126 TOP 0 0
PIN "2" PAD3 0 0.147638 TOP 0 0
PIN "3" PAD3 1.5748 0.0492126 TOP 0 0
PIN "4" PAD3 0 -0.0492126 TOP 0 0
PIN "5" PAD3 0 -0.147638 TOP 0 0
PIN "6" PAD3 1.5748 -0.147638 TOP 0 0

SHAPE "Eurorack:PTL30-15R1-103B2_2"
INSERT TH
LINE -0.0984252 0.177165 1.67323 -0.177165
LINE 1.67323 0.177165 1.67323 -0.177165
LINE 1.67323 -0.177165 -0.0984252 -0.177165
LINE -0.0984252 -0.177165 -0.0984252 0.177165
PIN "1" PAD3 0 0.0492126 TOP 0 0
PIN "2" PAD3 0 0.147638 TOP 0 0
PIN "3" PAD3 1.5748 0.0492126 TOP 0 0
PIN "4" PAD3 0 -0.0492126 TOP 0 0
PIN "5" PAD3 0 -0.147638 TOP 0 0
PIN "6" PAD3 1.5748 -0.147638 TOP 0 0

SHAPE "Capacitor_SMD:C_0603_1608Metric"
INSERT SMD
LINE -0.00553465 -0.0200787 0.00553465 -0.0200787
LINE -0.00553465 0.0200787 0.00553465 0.0200787
PIN "1" PAD20 -0.0305118 0 TOP 0 0
PIN "2" PAD20 0.0305118 0 TOP 0 0

SHAPE "Package_SO:SOIC-8_3.9x4.9mm_P1.27mm"
INSERT SMD
LINE -0.0811024 -0.100787 -0.0811024 -0.0970472
LINE -0.0811024 0.0970472 -0.0811024 0.100787
LINE -0.0811024 0.100787 0.0811024 0.100787
LINE 0.0811024 -0.100787 -0.0811024 -0.100787
LINE 0.0811024 -0.0970472 0.0811024 -0.100787
LINE 0.0811024 0.100787 0.0811024 0.0970472
PIN "1" PAD29 -0.0974409 0.075 TOP 0 0
PIN "2" PAD29 -0.0974409 0.025 TOP 0 0
PIN "3" PAD29 -0.0974409 -0.025 TOP 0 0
PIN "4" PAD29 -0.0974409 -0.075 TOP 0 0
PIN "5" PAD29 0.0974409 -0.075 TOP 0 0
PIN "6" PAD29 0.0974409 -0.025 TOP 0 0
PIN "7" PAD29 0.0974409 0.025 TOP 0 0
PIN "8" PAD29 0.0974409 0.075 TOP 0 0

SHAPE "Resistor_SMD:R_0603_1608Metric_Pad0.98x0.95mm_HandSolder"
INSERT SMD
LINE -0.0100285 -0.0205709 0.0100285 -0.0205709
LINE -0.0100285 0.0205709 0.0100285 0.0205709
PIN "1" PAD21 -0.0359252 0 TOP 0 0
PIN "2" PAD21 0.0359252 0 TOP 0 0

SHAPE "Capacitor_SMD:C_0603_1608Metric_0"
INSERT SMD
LINE -0.00553465 0.0200787 0.00553465 0.0200787
LINE -0.00553465 -0.0200787 0.00553465 -0.0200787
PIN "1" PAD20 -0.0305118 0 TOP 0 0
PIN "2" PAD20 0.0305118 0 TOP 0 0

SHAPE "Capacitor_SMD:C_0603_1608Metric_1"
INSERT SMD
LINE -0.00553465 0.0200787 0.00553465 0.0200787
LINE -0.00553465 -0.0200787 0.00553465 -0.0200787
PIN "1" PAD20 -0.0305118 0 TOP 0 0
PIN "2" PAD20 0.0305118 0 TOP 0 0

SHAPE "Resistor_SMD:R_0603_1608Metric_Pad0.98x0.95mm_HandSolder_0"
INSERT SMD
LINE -0.0100285 0.0205709 0.0100285 0.0205709
LINE -0.0100285 -0.0205709 0.0100285 -0.0205709
PIN "1" PAD21 -0.0359252 0 TOP 0 0
PIN "2" PAD21 0.0359252 0 TOP 0 0

SHAPE "Resistor_SMD:R_0603_1608Metric_Pad0.98x0.95mm_HandSolder_1"
INSERT SMD
LINE -0.0100285 -0.0205709 0.0100285 -0.0205709
LINE -0.0100285 0.0205709 0.0100285 0.0205709
PIN "1" PAD21 -0.0359252 0 TOP 0 0
PIN "2" PAD21 0.0359252 0 TOP 0 0

SHAPE "Capacitor_SMD:C_0603_1608Metric_2"
INSERT SMD
LINE -0.00553465 -0.0200787 0.00553465 -0.0200787
LINE -0.00553465 0.0200787 0.00553465 0.0200787
PIN "1" PAD20 -0.0305118 0 TOP 0 0
PIN "2" PAD20 0.0305118 0 TOP 0 0

SHAPE "Package_TO_SOT_SMD:SOT-23"
INSERT SMD
LINE -0.0299213 0.0614173 0.0299213 0.0614173
LINE 0.0299213 0.0614173 0.0299213 0.0220472
LINE -0.0299213 0.0594488 -0.0299213 0.0614173
LINE -0.0299213 -0.0153543 -0.0299213 0.0153543
LINE 0.0299213 -0.0220472 0.0299213 -0.0614173
LINE -0.0299213 -0.0614173 -0.0299213 -0.0594488
LINE 0.0299213 -0.0614173 -0.0299213 -0.0614173
PIN "1" PAD27 -0.0369094 0.0374016 TOP 0 0
PIN "2" PAD27 -0.0369094 -0.0374016 TOP 0 0
PIN "3" PAD27 0.0369094 0 TOP 0 0

SHAPE "Package_TO_SOT_SMD:SOT-23_0"
INSERT SMD
LINE -0.0299213 -0.0614173 -0.0299213 -0.0594488
LINE -0.0299213 -0.0153543 -0.0299213 0.0153543
LINE -0.0299213 0.0594488 -0.0299213 0.0614173
LINE -0.0299213 0.0614173 0.0299213 0.0614173
LINE 0.0299213 -0.0614173 -0.0299213 -0.0614173
LINE 0.0299213 -0.0220472 0.0299213 -0.0614173
LINE 0.0299213 0.0614173 0.0299213 0.0220472
PIN "1" PAD27 -0.0369094 0.0374016 TOP 0 0
PIN "2" PAD27 -0.0369094 -0.0374016 TOP 0 0
PIN "3" PAD27 0.0369094 0 TOP 0 0

SHAPE "Capacitor_SMD:CP_Elec_6.3x5.9"
INSERT SMD
LINE 0.134252 0.134252 0.134252 0.0417323
LINE 0.134252 -0.134252 0.134252 -0.0417323
LINE -0.092345 0.134252 0.134252 0.134252
LINE -0.092345 -0.134252 0.134252 -0.134252
LINE -0.134252 0.092345 -0.092345 0.134252
LINE -0.134252 0.092345 -0.134252 0.0417323
LINE -0.134252 -0.092345 -0.092345 -0.134252
LINE -0.134252 -0.092345 -0.134252 -0.0417323
LINE -0.159203 0.0882382 -0.159203 0.0572343
LINE -0.174705 0.0727362 -0.143701 0.0727362
PIN "1" PAD34 -0.110236 0 TOP 0 0
PIN "2" PAD34 0.110236 0 TOP 0 0

SHAPE "Capacitor_SMD:C_0402_1005Metric_Pad0.74x0.62mm_HandSolder"
INSERT SMD
LINE -0.00456043 0.0141732 0.00456043 0.0141732
LINE -0.00456043 -0.0141732 0.00456043 -0.0141732
PIN "1" PAD18 -0.0223425 0 TOP 0 0
PIN "2" PAD18 0.0223425 0 TOP 0 0

SHAPE "Resistor_SMD:R_0603_1608Metric_Pad0.98x0.95mm_HandSolder_2"
INSERT SMD
LINE -0.0100285 0.0205709 0.0100285 0.0205709
LINE -0.0100285 -0.0205709 0.0100285 -0.0205709
PIN "1" PAD21 -0.0359252 0 TOP 0 0
PIN "2" PAD21 0.0359252 0 TOP 0 0

SHAPE "Package_TO_SOT_SMD:SOT-23_1"
INSERT SMD
LINE -0.0299213 -0.0614173 -0.0299213 -0.0594488
LINE -0.0299213 -0.0153543 -0.0299213 0.0153543
LINE -0.0299213 0.0594488 -0.0299213 0.0614173
LINE -0.0299213 0.0614173 0.0299213 0.0614173
LINE 0.0299213 -0.0614173 -0.0299213 -0.0614173
LINE 0.0299213 -0.0220472 0.0299213 -0.0614173
LINE 0.0299213 0.0614173 0.0299213 0.0220472
PIN "1" PAD27 -0.0369094 0.0374016 TOP 0 0
PIN "2" PAD27 -0.0369094 -0.0374016 TOP 0 0
PIN "3" PAD27 0.0369094 0 TOP 0 0

SHAPE "Connector_PinHeader_1.27mm:PinHeader_2x07_P1.27mm_Vertical"
INSERT TH
LINE 0.0964567 0.0293307 0.0964567 -0.329331
LINE 0.0625167 0.0293307 0.0964567 0.0293307
LINE 0.0625167 -0.329331 0.0964567 -0.329331
LINE 0.0125167 -0.329331 0.0374833 -0.329331
LINE -0.0464567 0.0318898 0 0.0318898
LINE -0.0464567 0 -0.0464567 0.0318898
LINE -0.0464567 -0.0318898 -0.0262483 -0.0318898
LINE -0.0464567 -0.0318898 -0.0464567 -0.329331
LINE -0.0464567 -0.329331 -0.0125167 -0.329331
PIN "1" PAD5 0 0 TOP 0 0
PIN "2" PAD2 0.05 0 TOP 0 0
PIN "3" PAD2 0 -0.05 TOP 0 0
PIN "4" PAD2 0.05 -0.05 TOP 0 0
PIN "5" PAD2 0 -0.1 TOP 0 0
PIN "6" PAD2 0.05 -0.1 TOP 0 0
PIN "7" PAD2 0 -0.15 TOP 0 0
PIN "8" PAD2 0.05 -0.15 TOP 0 0
PIN "9" PAD2 0 -0.2 TOP 0 0
PIN "10" PAD2 0.05 -0.2 TOP 0 0
PIN "11" PAD2 0 -0.25 TOP 0 0
PIN "12" PAD2 0.05 -0.25 TOP 0 0
PIN "13" PAD2 0 -0.3 TOP 0 0
PIN "14" PAD2 0.05 -0.3 TOP 0 0

SHAPE "Resistor_SMD:R_0603_1608Metric_Pad0.98x0.95mm_HandSolder_3"
INSERT SMD
LINE -0.0100285 -0.0205709 0.0100285 -0.0205709
LINE -0.0100285 0.0205709 0.0100285 0.0205709
PIN "1" PAD21 -0.0359252 0 TOP 0 0
PIN "2" PAD21 0.0359252 0 TOP 0 0

SHAPE "Diode_SMD:D_0805_2012Metric"
INSERT SMD
LINE -0.0663386 -0.0377953 0.0393701 -0.0377953
LINE 0.0393701 0.0377953 -0.0663386 0.0377953
LINE -0.0663386 0.0377953 -0.0663386 -0.0377953
PIN "1" PAD22 -0.0369094 0 TOP 0 0
PIN "2" PAD22 0.0369094 0 TOP 0 0

SHAPE "Eurorack:NE5532DRG4"
INSERT SMD
LINE -0.136811 0.101575 -0.0766929 0.101575
LINE -0.0629134 -0.0965354 -0.0629134 0.0965354
LINE -0.0629134 0.0965354 0.0629134 0.0965354
LINE 0.0629134 -0.0965354 -0.0629134 -0.0965354
LINE 0.0629134 0.0965354 0.0629134 -0.0965354
PIN "1" PAD12 -0.106732 0.075 TOP 90 0
PIN "2" PAD12 -0.106732 0.025 TOP 90 0
PIN "3" PAD12 -0.106732 -0.025 TOP 90 0
PIN "4" PAD12 -0.106732 -0.075 TOP 90 0
PIN "5" PAD12 0.106732 -0.075 TOP 90 0
PIN "6" PAD12 0.106732 -0.025 TOP 90 0
PIN "7" PAD12 0.106732 0.025 TOP 90 0
PIN "8" PAD12 0.106732 0.075 TOP 90 0

SHAPE "TestPoint:TestPoint_Pad_D1.0mm"
INSERT SMD
CIRCLE 0 0 0.0275591
PIN "1" PAD11 0 0 TOP 0 0

SHAPE "Inductor_SMD:L_0805_2012Metric_Pad1.05x1.20mm_HandSolder"
INSERT SMD
LINE -0.0161513 -0.0220472 0.0161513 -0.0220472
LINE -0.0161513 0.0220472 0.0161513 0.0220472
PIN "1" PAD24 -0.0452756 0 TOP 0 0
PIN "2" PAD24 0.0452756 0 TOP 0 0

SHAPE "Package_TO_SOT_SMD:SOT-223-3_TabPin2"
INSERT SMD
LINE -0.0728346 0.134252 0.0751969 0.134252
LINE 0.0751969 0.134252 0.0751969 0.0846457
LINE -0.0728346 -0.134252 0.0751969 -0.134252
LINE 0.0751969 -0.134252 0.0751969 -0.0846457
PIN "1" PAD30 -0.124016 0.0905512 TOP 0 0
PIN "2" PAD30 -0.124016 0 TOP 0 0
PIN "2" PAD31 0.124016 0 TOP 0 0
PIN "3" PAD30 -0.124016 -0.0905512 TOP 0 0

SHAPE "Eurorack:PinHeader_2x05_P2.54mm_BHR-10-VUA"
INSERT TH
LINE -0.0523622 -0.452362 0.152362 -0.452362
LINE 0.05 -0.05 0.05 0.0523622
LINE -0.0523622 -0.05 -0.0523622 -0.452362
LINE -0.0523622 -0.05 0.05 -0.05
LINE -0.0523622 0 -0.0523622 0.0523622
LINE 0.152362 0.0523622 0.152362 -0.452362
LINE 0.05 0.0523622 0.152362 0.0523622
LINE -0.0523622 0.0523622 0 0.0523622
PIN "1" PAD7 0 0 TOP 0 0
PIN "2" PAD8 0.1 0 TOP 0 0
PIN "3" PAD8 0 -0.1 TOP 0 0
PIN "4" PAD8 0.1 -0.1 TOP 0 0
PIN "5" PAD8 0 -0.2 TOP 0 0
PIN "6" PAD8 0.1 -0.2 TOP 0 0
PIN "7" PAD8 0 -0.3 TOP 0 0
PIN "8" PAD8 0.1 -0.3 TOP 0 0
PIN "9" PAD8 0 -0.4 TOP 0 0
PIN "10" PAD8 0.1 -0.4 TOP 0 0

SHAPE "Package_TO_SOT_SMD:SOT-23_2"
INSERT SMD
LINE 0.0299213 0.0614173 0.0299213 0.0220472
LINE 0.0299213 -0.0220472 0.0299213 -0.0614173
LINE 0.0299213 -0.0614173 -0.0299213 -0.0614173
LINE -0.0299213 0.0614173 0.0299213 0.0614173
LINE -0.0299213 0.0594488 -0.0299213 0.0614173
LINE -0.0299213 -0.0153543 -0.0299213 0.0153543
LINE -0.0299213 -0.0614173 -0.0299213 -0.0594488
PIN "1" PAD27 -0.0369094 0.0374016 TOP 0 0
PIN "2" PAD27 -0.0369094 -0.0374016 TOP 0 0
PIN "3" PAD27 0.0369094 0 TOP 0 0

SHAPE "LED_SMD:LED_0603_1608Metric_Pad1.05x0.95mm_HandSolder"
INSERT SMD
LINE -0.0653543 0.028937 -0.0653543 -0.028937
LINE 0.0314961 0.028937 -0.0653543 0.028937
LINE -0.0653543 -0.028937 0.0314961 -0.028937
PIN "1" PAD23 -0.0344488 0 TOP 0 0
PIN "2" PAD23 0.0344488 0 TOP 0 0

SHAPE "Package_TO_SOT_SMD:SOT-23_3"
INSERT SMD
LINE -0.0299213 0.0614173 0.0299213 0.0614173
LINE 0.0299213 0.0614173 0.0299213 0.0220472
LINE -0.0299213 0.0594488 -0.0299213 0.0614173
LINE -0.0299213 -0.0153543 -0.0299213 0.0153543
LINE 0.0299213 -0.0220472 0.0299213 -0.0614173
LINE -0.0299213 -0.0614173 -0.0299213 -0.0594488
LINE 0.0299213 -0.0614173 -0.0299213 -0.0614173
PIN "1" PAD27 -0.0369094 0.0374016 TOP 0 0
PIN "2" PAD27 -0.0369094 -0.0374016 TOP 0 0
PIN "3" PAD27 0.0369094 0 TOP 0 0

SHAPE "Capacitor_SMD:CP_Elec_4x5.4"
INSERT SMD
LINE -0.0470694 0.0889764 0.0889764 0.0889764
LINE 0.0889764 0.0889764 0.0889764 0.0417323
LINE -0.108268 0.0712598 -0.108268 0.0515748
LINE -0.11811 0.0614173 -0.0984252 0.0614173
LINE -0.0889764 0.0470694 -0.0470694 0.0889764
LINE -0.0889764 0.0470694 -0.0889764 0.0417323
LINE -0.0889764 -0.0470694 -0.0889764 -0.0417323
LINE -0.0889764 -0.0470694 -0.0470694 -0.0889764
LINE -0.0470694 -0.0889764 0.0889764 -0.0889764
LINE 0.0889764 -0.0889764 0.0889764 -0.0417323
PIN "1" PAD32 -0.0708661 0 TOP 0 0
PIN "2" PAD32 0.0708661 0 TOP 0 0

SHAPE "Package_TO_SOT_SMD:SOT-23-6"
INSERT SMD
LINE -0.0358268 0.0614173 0.0358268 0.0614173
LINE 0.0358268 0.0614173 0.0358268 0.0594488
LINE -0.0358268 0.0594488 -0.0358268 0.0614173
LINE 0.0358268 -0.0594488 0.0358268 -0.0614173
LINE -0.0358268 -0.0614173 -0.0358268 -0.0594488
LINE 0.0358268 -0.0614173 -0.0358268 -0.0614173
PIN "1" PAD26 -0.0447835 0.0374016 TOP 0 0
PIN "2" PAD26 -0.0447835 0 TOP 0 0
PIN "3" PAD26 -0.0447835 -0.0374016 TOP 0 0
PIN "4" PAD26 0.0447835 -0.0374016 TOP 0 0
PIN "5" PAD26 0.0447835 0 TOP 0 0
PIN "6" PAD26 0.0447835 0.0374016 TOP 0 0

SHAPE "Diode_SMD:D_0805_2012Metric_0"
INSERT SMD
LINE -0.0663386 0.0377953 -0.0663386 -0.0377953
LINE 0.0393701 0.0377953 -0.0663386 0.0377953
LINE -0.0663386 -0.0377953 0.0393701 -0.0377953
PIN "1" PAD22 -0.0369094 0 TOP 0 0
PIN "2" PAD22 0.0369094 0 TOP 0 0

SHAPE "Button_Switch_SMD:SW_SPST_PTS810"
INSERT SMD
LINE -0.0866142 0.0669291 -0.0866142 0.0622047
LINE 0.0866142 0.0669291 -0.0866142 0.0669291
LINE 0.0866142 0.0622047 0.0866142 0.0669291
LINE -0.0866142 0.0224409 -0.0866142 -0.0224409
LINE 0.0866142 -0.0224409 0.0866142 0.0224409
LINE -0.0866142 -0.0622047 -0.0866142 -0.0669291
LINE -0.0866142 -0.0669291 0.0866142 -0.0669291
LINE 0.0866142 -0.0669291 0.0866142 -0.0622047
PIN "1" PAD13 -0.0816929 0.0423228 TOP 0 0
PIN "1" PAD13 0.0816929 0.0423228 TOP 0 0
PIN "2" PAD13 -0.0816929 -0.0423228 TOP 0 0
PIN "2" PAD13 0.0816929 -0.0423228 TOP 0 0

SHAPE "Eurorack:SRR5228A"
INSERT SMD
LINE 0 0.125984 0 0.125984
LINE 0 0.129921 0 0.129921
ARC 0 0.125984 0 0.129921 0 0.127953
ARC 0 0.129921 0 0.125984 0 0.127953
PIN "1" PAD15 0 0.0688976 TOP 90 0
PIN "2" PAD15 0 -0.0688976 TOP 90 0

SHAPE "Package_QFP:LQFP-64_10x10mm_P0.5mm"
INSERT SMD
LINE -0.201181 -0.201181 -0.201181 -0.16378
LINE -0.201181 0.16378 -0.201181 0.201181
LINE -0.201181 0.201181 -0.16378 0.201181
LINE -0.16378 -0.201181 -0.201181 -0.201181
LINE 0.16378 0.201181 0.201181 0.201181
LINE 0.201181 -0.201181 0.16378 -0.201181
LINE 0.201181 -0.16378 0.201181 -0.201181
LINE 0.201181 0.201181 0.201181 0.16378
PIN "1" PAD28 -0.223425 0.147638 TOP 0 0
PIN "2" PAD28 -0.223425 0.127953 TOP 0 0
PIN "3" PAD28 -0.223425 0.108268 TOP 0 0
PIN "4" PAD28 -0.223425 0.0885827 TOP 0 0
PIN "5" PAD28 -0.223425 0.0688976 TOP 0 0
PIN "6" PAD28 -0.223425 0.0492126 TOP 0 0
PIN "7" PAD28 -0.223425 0.0295276 TOP 0 0
PIN "8" PAD28 -0.223425 0.00984252 TOP 0 0
PIN "9" PAD28 -0.223425 -0.00984252 TOP 0 0
PIN "10" PAD28 -0.223425 -0.0295276 TOP 0 0
PIN "11" PAD28 -0.223425 -0.0492126 TOP 0 0
PIN "12" PAD28 -0.223425 -0.0688976 TOP 0 0
PIN "13" PAD28 -0.223425 -0.0885827 TOP 0 0
PIN "14" PAD28 -0.223425 -0.108268 TOP 0 0
PIN "15" PAD28 -0.223425 -0.127953 TOP 0 0
PIN "16" PAD28 -0.223425 -0.147638 TOP 0 0
PIN "17" PAD17 -0.147638 -0.223425 TOP 0 0
PIN "18" PAD17 -0.127953 -0.223425 TOP 0 0
PIN "19" PAD17 -0.108268 -0.223425 TOP 0 0
PIN "20" PAD17 -0.0885827 -0.223425 TOP 0 0
PIN "21" PAD17 -0.0688976 -0.223425 TOP 0 0
PIN "22" PAD17 -0.0492126 -0.223425 TOP 0 0
PIN "23" PAD17 -0.0295276 -0.223425 TOP 0 0
PIN "24" PAD17 -0.00984252 -0.223425 TOP 0 0
PIN "25" PAD17 0.00984252 -0.223425 TOP 0 0
PIN "26" PAD17 0.0295276 -0.223425 TOP 0 0
PIN "27" PAD17 0.0492126 -0.223425 TOP 0 0
PIN "28" PAD17 0.0688976 -0.223425 TOP 0 0
PIN "29" PAD17 0.0885827 -0.223425 TOP 0 0
PIN "30" PAD17 0.108268 -0.223425 TOP 0 0
PIN "31" PAD17 0.127953 -0.223425 TOP 0 0
PIN "32" PAD17 0.147638 -0.223425 TOP 0 0
PIN "33" PAD28 0.223425 -0.147638 TOP 0 0
PIN "34" PAD28 0.223425 -0.127953 TOP 0 0
PIN "35" PAD28 0.223425 -0.108268 TOP 0 0
PIN "36" PAD28 0.223425 -0.0885827 TOP 0 0
PIN "37" PAD28 0.223425 -0.0688976 TOP 0 0
PIN "38" PAD28 0.223425 -0.0492126 TOP 0 0
PIN "39" PAD28 0.223425 -0.0295276 TOP 0 0
PIN "40" PAD28 0.223425 -0.00984252 TOP 0 0
PIN "41" PAD28 0.223425 0.00984252 TOP 0 0
PIN "42" PAD28 0.223425 0.0295276 TOP 0 0
PIN "43" PAD28 0.223425 0.0492126 TOP 0 0
PIN "44" PAD28 0.223425 0.0688976 TOP 0 0
PIN "45" PAD28 0.223425 0.0885827 TOP 0 0
PIN "46" PAD28 0.223425 0.108268 TOP 0 0
PIN "47" PAD28 0.223425 0.127953 TOP 0 0
PIN "48" PAD28 0.223425 0.147638 TOP 0 0
PIN "49" PAD17 0.147638 0.223425 TOP 0 0
PIN "50" PAD17 0.127953 0.223425 TOP 0 0
PIN "51" PAD17 0.108268 0.223425 TOP 0 0
PIN "52" PAD17 0.0885827 0.223425 TOP 0 0
PIN "53" PAD17 0.0688976 0.223425 TOP 0 0
PIN "54" PAD17 0.0492126 0.223425 TOP 0 0
PIN "55" PAD17 0.0295276 0.223425 TOP 0 0
PIN "56" PAD17 0.00984252 0.223425 TOP 0 0
PIN "57" PAD17 -0.00984252 0.223425 TOP 0 0
PIN "58" PAD17 -0.0295276 0.223425 TOP 0 0
PIN "59" PAD17 -0.0492126 0.223425 TOP 0 0
PIN "60" PAD17 -0.0688976 0.223425 TOP 0 0
PIN "61" PAD17 -0.0885827 0.223425 TOP 0 0
PIN "62" PAD17 -0.108268 0.223425 TOP 0 0
PIN "63" PAD17 -0.127953 0.223425 TOP 0 0
PIN "64" PAD17 -0.147638 0.223425 TOP 0 0

SHAPE "Package_TO_SOT_SMD:SOT-23_4"
INSERT SMD
LINE -0.0299213 0.0614173 0.0299213 0.0614173
LINE 0.0299213 0.0614173 0.0299213 0.0220472
LINE -0.0299213 0.0594488 -0.0299213 0.0614173
LINE -0.0299213 -0.0153543 -0.0299213 0.0153543
LINE 0.0299213 -0.0220472 0.0299213 -0.0614173
LINE -0.0299213 -0.0614173 -0.0299213 -0.0594488
LINE 0.0299213 -0.0614173 -0.0299213 -0.0614173
PIN "1" PAD27 -0.0369094 0.0374016 TOP 0 0
PIN "2" PAD27 -0.0369094 -0.0374016 TOP 0 0
PIN "3" PAD27 0.0369094 0 TOP 0 0

SHAPE "Crystal:Crystal_SMD_2520-4Pin_2.5x2.0mm"
INSERT SMD
LINE -0.0673228 -0.0574803 0.0673228 -0.0574803
LINE -0.0673228 0.0574803 -0.0673228 -0.0574803
PIN "1" PAD25 -0.0344488 -0.0275591 TOP 0 0
PIN "2" PAD25 0.0344488 -0.0275591 TOP 0 0
PIN "3" PAD25 0.0344488 0.0275591 TOP 0 0
PIN "4" PAD25 -0.0344488 0.0275591 TOP 0 0

SHAPE "Eurorack:TLV320AIC3204IRHBR"
INSERT SMD
LINE -0.0984252 0.0984252 -0.086811 0.0984252
LINE -0.0984252 0.0984252 -0.0984252 0.086811
LINE 0.0984252 0.0984252 0.086811 0.0984252
LINE 0.0984252 0.0984252 0.0984252 0.086811
LINE -0.0984252 -0.0984252 -0.0984252 -0.086811
LINE -0.0984252 -0.0984252 -0.086811 -0.0984252
LINE 0.0984252 -0.0984252 0.0984252 -0.086811
LINE 0.0984252 -0.0984252 0.086811 -0.0984252
CIRCLE -0.136811 0.0688976 0.00393701
PIN "1" PAD19 -0.0958661 0.0688976 TOP 0 0
PIN "2" PAD19 -0.0958661 0.0492126 TOP 0 0
PIN "3" PAD19 -0.0958661 0.0295276 TOP 0 0
PIN "4" PAD19 -0.0958661 0.00984252 TOP 0 0
PIN "5" PAD19 -0.0958661 -0.00984252 TOP 0 0
PIN "6" PAD19 -0.0958661 -0.0295276 TOP 0 0
PIN "7" PAD19 -0.0958661 -0.0492126 TOP 0 0
PIN "8" PAD19 -0.0958661 -0.0688976 TOP 0 0
PIN "9" PAD16 -0.0688976 -0.0958661 TOP 0 0
PIN "10" PAD16 -0.0492126 -0.0958661 TOP 0 0
PIN "11" PAD16 -0.0295276 -0.0958661 TOP 0 0
PIN "12" PAD16 -0.00984252 -0.0958661 TOP 0 0
PIN "13" PAD16 0.00984252 -0.0958661 TOP 0 0
PIN "14" PAD16 0.0295276 -0.0958661 TOP 0 0
PIN "15" PAD16 0.0492126 -0.0958661 TOP 0 0
PIN "16" PAD16 0.0688976 -0.0958661 TOP 0 0
PIN "17" PAD19 0.0958661 -0.0688976 TOP 0 0
PIN "18" PAD19 0.0958661 -0.0492126 TOP 0 0
PIN "19" PAD19 0.0958661 -0.0295276 TOP 0 0
PIN "20" PAD19 0.0958661 -0.00984252 TOP 0 0
PIN "21" PAD19 0.0958661 0.00984252 TOP 0 0
PIN "22" PAD19 0.0958661 0.0295276 TOP 0 0
PIN "23" PAD19 0.0958661 0.0492126 TOP 0 0
PIN "24" PAD19 0.0958661 0.0688976 TOP 0 0
PIN "25" PAD16 0.0688976 0.0958661 TOP 0 0
PIN "26" PAD16 0.0492126 0.0958661 TOP 0 0
PIN "27" PAD16 0.0295276 0.0958661 TOP 0 0
PIN "28" PAD16 0.00984252 0.0958661 TOP 0 0
PIN "29" PAD16 -0.00984252 0.0958661 TOP 0 0
PIN "30" PAD16 -0.0295276 0.0958661 TOP 0 0
PIN "31" PAD16 -0.0492126 0.0958661 TOP 0 0
PIN "32" PAD16 -0.0688976 0.0958661 TOP 0 0
PIN "33" PAD1 -0.0472441 0 TOP 0 0
PIN "33" PAD1 0 -0.0472441 TOP 0 0
PIN "33" PAD1 0 0 TOP 0 0
PIN "33" PAD33 0 0 TOP 0 0
PIN "33" PAD1 0 0.0472441 TOP 0 0
PIN "33" PAD1 0.0472441 0 TOP 0 0

SHAPE "Capacitor_SMD:C_0402_1005Metric_Pad0.74x0.62mm_HandSolder_0"
INSERT SMD
LINE -0.00456043 -0.0141732 0.00456043 -0.0141732
LINE -0.00456043 0.0141732 0.00456043 0.0141732
PIN "1" PAD18 -0.0223425 0 TOP 0 0
PIN "2" PAD18 0.0223425 0 TOP 0 0

SHAPE "Package_TO_SOT_SMD:SOT-23_5"
INSERT SMD
LINE -0.0299213 -0.0614173 -0.0299213 -0.0594488
LINE -0.0299213 -0.0153543 -0.0299213 0.0153543
LINE -0.0299213 0.0594488 -0.0299213 0.0614173
LINE -0.0299213 0.0614173 0.0299213 0.0614173
LINE 0.0299213 -0.0614173 -0.0299213 -0.0614173
LINE 0.0299213 -0.0220472 0.0299213 -0.0614173
LINE 0.0299213 0.0614173 0.0299213 0.0220472
PIN "1" PAD27 -0.0369094 0.0374016 TOP 0 0
PIN "2" PAD27 -0.0369094 -0.0374016 TOP 0 0
PIN "3" PAD27 0.0369094 0 TOP 0 0

SHAPE "Package_TO_SOT_SMD:SOT-23_6"
INSERT SMD
LINE -0.0299213 0.0614173 0.0299213 0.0614173
LINE 0.0299213 0.0614173 0.0299213 0.0220472
LINE -0.0299213 0.0594488 -0.0299213 0.0614173
LINE -0.0299213 -0.0153543 -0.0299213 0.0153543
LINE 0.0299213 -0.0220472 0.0299213 -0.0614173
LINE -0.0299213 -0.0614173 -0.0299213 -0.0594488
LINE 0.0299213 -0.0614173 -0.0299213 -0.0614173
PIN "1" PAD27 -0.0369094 0.0374016 TOP 0 0
PIN "2" PAD27 -0.0369094 -0.0374016 TOP 0 0
PIN "3" PAD27 0.0369094 0 TOP 0 0

SHAPE "Package_SO:SOIC-8_3.9x4.9mm_P1.27mm_0"
INSERT SMD
LINE -0.0811024 -0.100787 -0.0811024 -0.0970472
LINE -0.0811024 0.0970472 -0.0811024 0.100787
LINE -0.0811024 0.100787 0.0811024 0.100787
LINE 0.0811024 -0.100787 -0.0811024 -0.100787
LINE 0.0811024 -0.0970472 0.0811024 -0.100787
LINE 0.0811024 0.100787 0.0811024 0.0970472
PIN "1" PAD29 -0.0974409 0.075 TOP 0 0
PIN "2" PAD29 -0.0974409 0.025 TOP 0 0
PIN "3" PAD29 -0.0974409 -0.025 TOP 0 0
PIN "4" PAD29 -0.0974409 -0.075 TOP 0 0
PIN "5" PAD29 0.0974409 -0.075 TOP 0 0
PIN "6" PAD29 0.0974409 -0.025 TOP 0 0
PIN "7" PAD29 0.0974409 0.025 TOP 0 0
PIN "8" PAD29 0.0974409 0.075 TOP 0 0

SHAPE "Package_TO_SOT_SMD:SOT-23-5"
INSERT SMD
LINE 0.0358268 -0.0614173 -0.0358268 -0.0614173
LINE -0.0358268 -0.0614173 -0.0358268 -0.0594488
LINE 0.0358268 -0.0594488 0.0358268 -0.0614173
LINE 0.0358268 0.0153543 0.0358268 -0.0153543
LINE -0.0358268 0.0594488 -0.0358268 0.0614173
LINE 0.0358268 0.0614173 0.0358268 0.0594488
LINE -0.0358268 0.0614173 0.0358268 0.0614173
PIN "1" PAD26 -0.0447835 0.0374016 TOP 0 0
PIN "2" PAD26 -0.0447835 0 TOP 0 0
PIN "3" PAD26 -0.0447835 -0.0374016 TOP 0 0
PIN "4" PAD26 0.0447835 -0.0374016 TOP 0 0
PIN "5" PAD26 0.0447835 0.0374016 TOP 0 0

SHAPE "Package_TO_SOT_SMD:SOT-23_7"
INSERT SMD
LINE -0.0299213 0.0614173 0.0299213 0.0614173
LINE 0.0299213 0.0614173 0.0299213 0.0220472
LINE -0.0299213 0.0594488 -0.0299213 0.0614173
LINE -0.0299213 -0.0153543 -0.0299213 0.0153543
LINE 0.0299213 -0.0220472 0.0299213 -0.0614173
LINE -0.0299213 -0.0614173 -0.0299213 -0.0594488
LINE 0.0299213 -0.0614173 -0.0299213 -0.0614173
PIN "1" PAD27 -0.0369094 0.0374016 TOP 0 0
PIN "2" PAD27 -0.0369094 -0.0374016 TOP 0 0
PIN "3" PAD27 0.0369094 0 TOP 0 0
$ENDSHAPES

$COMPONENTS

COMPONENT "J3"
DEVICE "DEV_AudioJacks:Jack_3.5mm_QingPu_WQP-PJ398SM_Vertical"
PLACE 5.38189 -5.6937
LAYER TOP
ROTATION 180
SHAPE "AudioJacks:Jack_3.5mm_QingPu_WQP-PJ398SM_Vertical" 0 0
TEXT 0.133858 -0.14252 0.0393701 0 0 SILKSCREEN_TOP "J3" 0 0 0.0773341 0.0667913
TEXT 0 0.19685 0.0393701 0 0 SILKSCREEN_TOP "InL" 0 0 0.0960817 0.0667913
SHEET "RefDes: J3, Value: InL"

COMPONENT "J8"
DEVICE "DEV_AudioJacks:Jack_3.5mm_QingPu_WQP-PJ398SM_Vertical_0"
PLACE 5.81496 -5.07559
LAYER TOP
ROTATION 0
SHAPE "AudioJacks:Jack_3.5mm_QingPu_WQP-PJ398SM_Vertical_0" 0 0
TEXT -0.129921 0.201575 0.0393701 0 0 SILKSCREEN_TOP "J8" 0 0 0.0773341 0.0667913
TEXT 0 0.19685 0.0393701 0 0 SILKSCREEN_TOP "GATE2_IN" 0 0 0.276059 0.0667913
SHEET "RefDes: J8, Value: GATE2_IN"

COMPONENT "J6"
DEVICE "DEV_AudioJacks:Jack_3.5mm_QingPu_WQP-PJ398SM_Vertical"
PLACE 6.6811 -5.6937
LAYER TOP
ROTATION 180
SHAPE "AudioJacks:Jack_3.5mm_QingPu_WQP-PJ398SM_Vertical" 0 0
TEXT 0.133858 -0.14252 0.0393701 0 0 SILKSCREEN_TOP "J6" 0 0 0.0773341 0.0667913
TEXT 0 0.19685 0.0393701 0 0 SILKSCREEN_TOP "OutR" 0 0 0.148575 0.0667913
SHEET "RefDes: J6, Value: OutR"

COMPONENT "IC4"
DEVICE "DEV_Eurorack:5872054127F"
PLACE 5.37008 -1.86885
LAYER TOP
ROTATION 180
SHAPE "Eurorack:5872054127F" 0 0
TEXT 0 0 0.05 0 0 SILKSCREEN_TOP "IC4" 0 0 0.141429 0.0936
TEXT 0 0 0.05 0 0 SILKSCREEN_TOP "587-2054-127F" 0 0 0.662857 0.0936
SHEET "RefDes: IC4, Value: 587-2054-127F"

COMPONENT "SW1"
DEVICE "DEV_Eurorack:TS0266130BK160LCRD"
PLACE 5.40157 -2.32751
LAYER TOP
ROTATION 90
SHAPE "Eurorack:TS0266130BK160LCRD" 0 0
